11,88
11,87
11,86
11,85
11,84
11,83
11,82
11,81
11,80
11,79
11,78
11,77
11,76
11,75
11,74
11,73
11,72
11,71
11,70
11,69
11,68
11,67
11,66
11,65
11,64
11,38
11,37
11,36
11,35
11,34
11,33
11,32
11,31
11,30
11,29
11,28
11,27
11,26
11,25
11,24
11,23
11,22
4294967278,361
4294967279,555
4294967278,360
4294967278,359
4294967278,358
4294967279,554
11,21
11,20
11,19
11,18
11,17
11,16
11,15
11,14
11,13
11,12
4294967278,357
4294967278,356
4294967279,553
4294967279,552
4294967278,355
4294967278,354
4294967279,551
4294967278,353
4294967279,550
4294967278,352
4294967279,549
4294967278,351
4294967279,548
4294967279,547
4294967278,350
4294967279,546
4294967278,349
4294967279,545
4294967278,348
4294967279,544
4294967278,347
4294967278,346
11,11
11,10
4294967279,543
4294967279,542
4294967279,541
4294967278,345
4294967279,540
4294967278,344
4294967278,343
4294967279,539
4294967279,538
4294967279,537
4294967278,342
11,9
11,8
4294967279,536
11,7
4294967279,535
4294967278,341
4294967278,340
4294967278,339
4294967278,338
4294967279,534
4294967278,337
4294967279,533
4294967278,336
4294967279,532
4294967278,335
4294967279,531
4294967278,334
4294967278,333
4294967279,530
4294967279,529
4294967279,528
4294967278,332
4294967278,331
4294967279,527
4294967278,330
4294967279,526
4294967278,329
4294967279,525
4294967278,328
4294967279,524
4294967278,327
4294967279,523
4294967278,326
4294967279,522
4294967278,325
4294967279,521
4294967278,324
4294967279,520
4294967278,323
4294967279,519
4294967278,322
4294967279,518
4294967278,321
4294967279,517
4294967278,320
4294967279,516
4294967278,319
4294967279,515
4294967278,318
4294967279,514
4294967278,317
4294967279,513
4294967278,316
4294967279,512
4294967278,315
4294967279,136
4294967278,314
4294967279,133
4294967278,313
4294967279,319
4294967278,312
4294967279,318
4294967278,311
4294967279,317
4294967278,310
4294967279,316
4294967278,309
4294967279,315
4294967278,308
4294967279,314
4294967278,307
4294967279,313
4294967278,306
4294967279,312
4294967278,305
4294967279,311
4294967278,304
4294967279,310
4294967278,303
4294967279,309
4294967278,302
4294967279,308
4294967278,301
4294967279,307
4294967278,300
4294967279,306
4294967278,299
4294967279,305
4294967278,298
4294967279,304
4294967278,297
4294967279,303
4294967278,296
4294967279,302
4294967278,295
4294967279,301
4294967278,294
4294967279,300
4294967278,293
4294967279,299
4294967278,292
4294967279,298
4294967278,291
4294967279,297
4294967278,290
4294967279,296
4294967294,1425
4294967294,1424
13,8
13,7
13,6
13,5
13,4
13,3
13,2
13,1
4294967279,295
4294967294,1423
4294967294,988
12,6
12,5
12,4
12,3
12,2
12,1
4294967279,294
11,6
11,5
11,4
11,3
11,2
11,1
10,5
10,4
10,3
10,2
10,1
4294967278,289
4294967294,473
9,9
9,8
9,7
9,6
9,5
9,4
9,3
9,2
9,1
4294967279,293
4294967294,1422
4294967294,1421
4294967294,595
4294967294,1038
8,6
8,5
8,4
8,3
8,2
8,1
4294967279,292
4294967294,1420
4294967294,437
7,5
7,4
7,3
7,2
7,1
4294967278,288
6,6
6,5
6,4
6,3
6,2
6,1
4294967279,291
5,6
5,5
4294967279,290
5,4
5,3
5,2
5,1
4,6
4,5
4,4
4,3
4,2
4,1
4294967294,1419
4294967294,1418
4294967294,187
3,6
3,5
4294967279,289
3,4
3,3
3,2
3,1
2,7
2,6
2,5
2,4
2,3
2,2
2,1
4294967294,472
4294967279,283
4294967278,287
4294967279,282
4294967278,286
4294967293,131
4294967293,130
4294967293,129
4294967293,128
4294967293,127
4294967293,126
4294967293,125
4294967293,124
4294967293,123
4294967293,122
4294967293,121
4294967293,120
4294967293,119
4294967293,118
4294967293,117
4294967293,116
4294967293,115
4294967293,114
4294967293,113
4294967293,112
4294967293,111
4294967293,110
4294967293,109
4294967293,108
4294967293,107
4294967293,106
4294967293,105
4294967293,104
4294967293,103
4294967293,102
4294967293,101
4294967293,100
4294967293,99
4294967293,98
4294967293,97
4294967293,96
4294967293,95
4294967293,94
4294967293,93
4294967293,92
4294967293,91
4294967293,90
4294967293,89
4294967293,88
4294967293,87
4294967293,86
4294967293,85
4294967293,84
4294967293,83
4294967293,82
4294967293,81
4294967293,80
4294967293,79
4294967293,78
4294967293,77
4294967293,76
4294967293,75
4294967293,74
4294967293,73
4294967293,72
4294967293,71
4294967293,70
4294967293,69
